[
    [0, 311290, 14774, 51265, 114051, 232315, 225014, 142764, 169493, 222845],
    [317396, 0, 305159, 266708, 292149, 448290, 440989, 358739, 385468, 438820],
    [15009, 297738, 0, 37712, 100499, 218763, 211462, 129212, 155941, 209293],
    [51599, 261420, 39362, 0, 64181, 192221, 184920, 102670, 129399, 182751],
    [114566, 293447, 102330, 63878, 0, 153238, 238159, 95240, 182638, 142835],
    [246799, 463613, 234562, 206717, 152075, 0, 135445, 88827, 78906, 11567],
    [223688, 440502, 211452, 183606, 237479, 133809, 0, 155982, 120154, 129481],
    [142767, 359581, 130530, 102685, 95438, 74009, 159411, 0, 33327, 64539],
    [169106, 385920, 156870, 129024, 182897, 64886, 122640, 33297, 0, 55416],
    [222903, 439716, 210666, 182820, 141975, 11017, 132005, 64930, 55009, 0]
]
