[
    [0, 85131, 311290, 108223, 145644, 350064, 252339, 133689, 97585, 150313, 169394, 270955, 154095, 225014, 128862],
    [85211, 0, 379908, 116175, 65693, 266546, 198870, 53738, 17634, 70362, 140826, 191004, 72829, 184455, 74405],
    [317396, 379324, 0, 311954, 442148, 566039, 475143, 430193, 394088, 446817, 371334, 589384, 463379, 440989, 401488],
    [108259, 116304, 312328, 0, 176818, 347288, 163331, 164863, 128758, 181487, 59522, 273984, 185269, 298268, 85413],
    [143911, 64363, 442754, 174875, 0, 147753, 174510, 29721, 48099, 27543, 167358, 117440, 23689, 164958, 104882],
    [342903, 261709, 565511, 355782, 154925, 0, 193534, 218944, 272557, 223615, 299946, 95144, 150212, 156063, 278173],
    [252017, 198512, 475725, 163946, 174321, 186416, 0, 153613, 194364, 158284, 108110, 113113, 210413, 278885, 127937],
    [132563, 53015, 431406, 163527, 34201, 212111, 154570, 0, 45282, 18165, 140074, 138807, 57890, 199160, 77598],
    [95812, 16264, 394655, 126777, 48060, 277555, 211749, 58720, 0, 61645, 151428, 195987, 70968, 196837, 85007],
    [146153, 66605, 444995, 177117, 27641, 216113, 158573, 14278, 61691, 0, 151420, 142810, 51330, 192600, 88944],
    [169044, 139832, 371021, 59242, 171329, 291409, 107451, 138669, 152286, 155293, 0, 218105, 195018, 383878, 69257],
    [269482, 189934, 589353, 275297, 116147, 87437, 113049, 138459, 182201, 143130, 219461, 0, 111434, 179906, 197688],
    [154207, 73014, 464397, 185172, 23445, 142268, 210346, 53166, 71076, 50987, 190803, 111956, 0, 141530, 128326],
    [223688, 183974, 440502, 296132, 163803, 155695, 277430, 193525, 194822, 191346, 320783, 179040, 140337, 0, 254362],
    [131816, 74366, 404905, 88375, 109687, 270679, 128256, 77027, 86820, 93651, 70212, 197376, 133376, 256329, 0]
]
